0 500000
0.000600601 500000
0.0012012 500000
0.0018018 500000
0.0024024 500000
0.003003 500000
0.0036036 500000
0.0042042 500000
0.0048048 500000
0.00540541 500000
0.00600601 500000
0.00660661 500000
0.00720721 500000
0.00780781 500000
0.00840841 500000
0.00900901 500000
0.00960961 500000
0.0102102 500000
0.0108108 500000
0.0114114 500000
0.012012 500000
0.0126126 500000
0.0132132 500000
0.0138138 500000
0.0144144 500000
0.015015 500000
0.0156156 500000
0.0162162 500000
0.0168168 500000
0.0174174 500000
0.018018 500000
0.0186186 500000
0.0192192 500000
0.0198198 500000
0.0204204 500000
0.021021 500000
0.0216216 500000
0.0222222 500000
0.0228228 500000
0.0234234 500000
0.024024 500001
0.0246246 500000
0.0252252 500000
0.0258258 500000
0.0264264 500000
0.027027 500001
0.0276276 500000
0.0282282 499999
0.0288288 500001
0.0294294 500000
0.03003 500001
0.0306306 500000
0.0312312 499999
0.0318318 500001
0.0324324 500000
0.033033 500001
0.0336336 500000
0.0342342 499999
0.0348348 500001
0.0354354 499999
0.036036 500002
0.0366366 500000
0.0372372 499998
0.0378378 500001
0.0384384 499999
0.039039 500003
0.0396396 500000
0.0402402 499998
0.0408408 500002
0.0414414 499999
0.042042 500004
0.0426426 500000
0.0432432 499997
0.0438438 500002
0.0444444 499998
0.045045 500005
0.0456456 500000
0.0462462 499995
0.0468468 500003
0.0474474 499997
0.048048 500007
0.0486486 500000
0.0492492 499993
0.0498498 500004
0.0504505 499995
0.0510511 500009
0.0516517 499999
0.0522523 499989
0.0528529 500005
0.0534535 499993
0.0540541 500012
0.0546547 499998
0.0552553 499984
0.0558559 500006
0.0564565 499989
0.0570571 500016
0.0576577 499996
0.0582583 499976
0.0588589 500006
0.0594595 499983
0.0600601 500020
0.0606607 499992
0.0612613 499965
0.0618619 500006
0.0624625 499973
0.0630631 500024
0.0636637 499986
0.0642643 499947
0.0648649 500003
0.0654655 499958
0.0660661 500028
0.0666667 499974
0.0672673 499920
0.0678679 499997
0.0684685 499933
0.0690691 500028
0.0696697 499953
0.0702703 499878
0.0708709 499982
0.0714715 499894
0.0720721 500023
0.0726727 499918
0.0732733 499813
0.0738739 499953
0.0744745 499829
0.0750751 500003
0.0756757 499857
0.0762763 499710
0.0768769 499898
0.0774775 499725
0.0780781 499957
0.0786787 499752
0.0792793 499547
0.0798799 499795
0.0804805 499554
0.0810811 499859
0.0816817 499573
0.0822823 499288
0.0828829 499610
0.0834835 499273
0.0840841 499667
0.0846847 499270
0.0852853 498873
0.0858859 499280
0.0864865 498812
0.0870871 499307
0.0876877 498755
0.0882883 498204
0.0888889 498702
0.0894895 498052
0.0900901 498650
0.0906907 497886
0.0912913 497122
0.0918919 497696
0.0924925 496799
0.0930931 497473
0.0936937 496420
0.0942943 495366
0.0948949 495964
0.0954955 494729
0.0960961 495400
0.0966967 493956
0.0972973 492512
0.0978979 493001
0.0984985 491314
0.0990991 491799
0.0996997 489832
0.1003 487865
0.100901 487979
0.101502 485685
0.102102 485648
0.102703 482970
0.103303 480293
0.103904 479579
0.104505 476453
0.105105 475344
0.105706 471695
0.106306 468045
0.106907 465827
0.107508 461575
0.108108 458656
0.108709 453723
0.109309 448789
0.10991 444318
0.110511 438636
0.111111 433228
0.111712 426753
0.112312 420277
0.112913 413090
0.113514 405809
0.114114 397670
0.114715 389614
0.115315 381559
0.115916 371838
0.116517 363089
0.117117 352690
0.117718 343377
0.118318 334064
0.118919 322733
0.11952 313030
0.12012 301495
0.120721 291605
0.121321 281716
0.121922 270150
0.122523 260290
0.123123 249001
0.123724 239380
0.124324 229759
0.124925 219264
0.125526 210069
0.126126 200167
0.126727 191544
0.127327 182922
0.127928 174311
0.128529 166366
0.129129 158442
0.12973 151233
0.13033 144023
0.130931 137509
0.131532 131053
0.132132 125153
0.132733 119432
0.133333 113711
0.133934 109072
0.134535 104043
0.135135 99876.1
0.135736 95480.5
0.136336 91084.9
0.136937 87913.4
0.137538 84083.3
0.138138 81238
0.138739 77903.2
0.139339 74568.3
0.13994 72448.2
0.140541 69540.4
0.141141 67630.9
0.141742 65087
0.142342 62543.2
0.142943 61135.7
0.143544 58899.3
0.144144 57622.3
0.144745 55644.4
0.145345 53666.4
0.145946 52729.2
0.146547 50968.2
0.147147 50111.1
0.147748 48532.6
0.148348 46954.1
0.148949 46328.6
0.14955 44904.7
0.15015 44328.4
0.150751 43036.9
0.151351 41745.4
0.151952 41329.7
0.152553 40153.8
0.153153 39762.1
0.153754 38689.3
0.154354 37616.6
0.154955 37334.3
0.155556 36356.3
0.156156 36069.3
0.156757 35181.2
0.157357 34293.1
0.157958 34071.9
0.158559 33269.6
0.159159 33016.3
0.15976 32294.5
0.16036 31572.7
0.160961 31360.1
0.161562 30712.1
0.162162 30462.9
0.162763 29881.8
0.163363 29300.7
0.163964 29080.5
0.164565 28559.1
0.165165 28308.7
0.165766 27840
0.166366 27371.2
0.166967 27144.8
0.167568 26722.2
0.168168 26475.2
0.168769 26092.8
0.169369 25710.4
0.16997 25484.9
0.170571 25137.5
0.171171 24900.1
0.171772 24582.9
0.172372 24265.7
0.172973 24048.1
0.173574 23757.3
0.174174 23534.1
0.174775 23266.2
0.175375 22998.2
0.175976 22793.3
0.176577 22545.3
0.177177 22338.9
0.177778 22108.5
0.178378 21878.2
0.178979 21688.2
0.17958 21473.4
0.18018 21284.3
0.180781 21083.2
0.181381 20882.1
0.181982 20707.7
0.182583 20519
0.183183 20346.6
0.183784 20168.9
0.184384 19991.2
0.184985 19831.8
0.185586 19664.1
0.186186 19507.3
0.186787 19348.7
0.187387 19190.1
0.187988 19044.6
0.188589 18894.3
0.189189 18751.4
0.18979 18608.7
0.19039 18466
0.190991 18333.1
0.191592 18197.4
0.192192 18067
0.192793 17937.8
0.193393 17808.6
0.193994 17686.9
0.194595 17563.7
0.195195 17444.4
0.195796 17326.7
0.196396 17209
0.196997 17097.3
0.197598 16984.8
0.198198 16875.3
0.198799 16767.6
0.199399 16660
0.2 16557.2
0.200601 16454
0.201201 16353.2
0.201802 16254.2
0.202402 16155.3
0.203003 16060.4
0.203604 15965.4
0.204204 15872.3
0.204805 15781
0.205405 15689.8
0.206006 15601.9
0.206607 15514.2
0.207207 15427.9
0.207808 15343.5
0.208408 15259
0.209009 15177.4
0.20961 15096.1
0.21021 15016
0.210811 14937.5
0.211411 14859.1
0.212012 14783.2
0.212613 14707.5
0.213213 14632.9
0.213814 14559.9
0.214414 14486.9
0.215015 14416
0.215616 14345.5
0.216216 14275.8
0.216817 14207.6
0.217417 14139.4
0.218018 14073.1
0.218619 14007.2
0.219219 13942
0.21982 13878.1
0.22042 13814.3
0.221021 13752.2
0.221622 13690.4
0.222222 13629.2
0.222823 13569.3
0.223423 13509.4
0.224024 13451
0.224625 13393
0.225225 13335.5
0.225826 13279.2
0.226426 13222.9
0.227027 13167.9
0.227628 13113.2
0.228228 13059.1
0.228829 13006
0.229429 12952.9
0.23003 12901.1
0.230631 12849.6
0.231231 12798.4
0.231832 12748.3
0.232432 12698.3
0.233033 12649.2
0.233634 12600.5
0.234234 12552.2
0.234835 12504.8
0.235435 12457.5
0.236036 12411.1
0.236637 12365
0.237237 12319.2
0.237838 12274.3
0.238438 12229.4
0.239039 12185.4
0.23964 12141.7
0.24024 12098.3
0.240841 12055.7
0.241441 12013.1
0.242042 11971.4
0.242643 11929.9
0.243243 11888.6
0.243844 11848.1
0.244444 11807.7
0.245045 11767.9
0.245646 11728.4
0.246246 11689.2
0.246847 11650.7
0.247447 11612.2
0.248048 11574.3
0.248649 11536.7
0.249249 11499.3
0.24985 11462.6
0.25045 11425.9
0.251051 11389.8
0.251652 11354
0.252252 11318.3
0.252853 11283.3
0.253453 11248.2
0.254054 11213.8
0.254655 11179.5
0.255255 11145.5
0.255856 11112
0.256456 11078.5
0.257057 11045.6
0.257658 11012.8
0.258258 10980.3
0.258859 10948.2
0.259459 10916.2
0.26006 10884.7
0.260661 10853.4
0.261261 10822.2
0.261862 10791.5
0.262462 10760.9
0.263063 10730.6
0.263664 10700.6
0.264264 10670.7
0.264865 10641.3
0.265465 10611.9
0.266066 10583
0.266667 10554.2
0.267267 10525.5
0.267868 10497.3
0.268468 10469.1
0.269069 10441.3
0.26967 10413.6
0.27027 10386.1
0.270871 10359
0.271471 10331.9
0.272072 10305.1
0.272673 10278.6
0.273273 10252.1
0.273874 10226
0.274474 10200
0.275075 10174.3
0.275676 10148.7
0.276276 10123.2
0.276877 10098.2
0.277477 10073.1
0.278078 10048.3
0.278679 10023.7
0.279279 9999.2
0.27988 9975.04
0.28048 9950.88
0.281081 9927.04
0.281682 9903.32
0.282282 9879.69
0.282883 9856.4
0.283483 9833.12
0.284084 9810.12
0.284685 9787.25
0.285285 9764.46
0.285886 9742
0.286486 9719.53
0.287087 9697.34
0.287688 9675.27
0.288288 9653.27
0.288889 9631.58
0.289489 9609.89
0.29009 9588.46
0.290691 9567.14
0.291291 9545.89
0.291892 9524.93
0.292492 9503.98
0.293093 9483.27
0.293694 9462.66
0.294294 9442.12
0.294895 9421.86
0.295495 9401.6
0.296096 9381.57
0.296697 9361.64
0.297297 9341.77
0.297898 9322.17
0.298498 9302.56
0.299099 9283.18
0.2997 9263.89
0.3003 9244.67
0.300901 9225.69
0.301502 9206.62
0.302102 9187.94
0.302703 9169.26
0.303303 9150.64
0.303904 9132.25
0.304505 9113.78
0.305105 9095.68
0.305706 9077.58
0.306306 9059.53
0.306907 9041.71
0.307508 9023.81
0.308108 9006.26
0.308709 8988.7
0.309309 8971.21
0.30991 8953.92
0.310511 8936.56
0.311111 8919.53
0.311712 8902.5
0.312312 8885.53
0.312913 8868.75
0.313514 8851.91
0.314114 8835.38
0.314715 8818.85
0.315315 8802.37
0.315916 8786.08
0.316517 8769.73
0.317117 8753.67
0.317718 8737.62
0.318318 8721.62
0.318919 8705.79
0.31952 8689.91
0.32012 8674.31
0.320721 8658.71
0.321321 8643.16
0.321922 8627.78
0.322523 8612.34
0.323123 8597.17
0.323724 8582.01
0.324324 8566.89
0.324925 8551.93
0.325526 8536.92
0.326126 8522.17
0.326727 8507.42
0.327327 8492.71
0.327928 8478.16
0.328529 8463.56
0.329129 8449.21
0.32973 8434.85
0.33033 8420.54
0.330931 8406.38
0.331532 8392.17
0.332132 8378.19
0.332733 8364.22
0.333333 8350.29
0.333934 8336.5
0.334535 8322.66
0.335135 8309.05
0.335736 8295.44
0.336336 8281.87
0.336937 8268.43
0.337538 8254.95
0.338138 8241.69
0.338739 8228.43
0.339339 8215.21
0.33994 8202.11
0.340541 8188.98
0.341141 8176.05
0.341742 8163.12
0.342342 8150.23
0.342943 8137.47
0.343544 8124.66
0.344144 8112.05
0.344745 8099.45
0.345345 8086.88
0.345946 8074.43
0.346547 8061.94
0.347147 8049.64
0.347748 8037.34
0.348348 8025.08
0.348949 8012.93
0.34955 8000.75
0.35015 7988.74
0.350751 7976.74
0.351351 7964.78
0.351952 7952.92
0.352553 7941.03
0.353153 7929.31
0.353754 7917.59
0.354354 7905.91
0.354955 7894.33
0.355556 7882.72
0.356156 7871.28
0.356757 7859.83
0.357357 7848.42
0.357958 7837.12
0.358559 7825.77
0.359159 7814.6
0.35976 7803.42
0.36036 7792.27
0.360961 7781.22
0.361562 7770.14
0.362162 7759.21
0.362763 7748.29
0.363363 7737.4
0.363964 7726.6
0.364565 7715.77
0.365165 7705.09
0.365766 7694.41
0.366366 7683.76
0.366967 7673.2
0.367568 7662.61
0.368168 7652.17
0.368769 7641.72
0.369369 7631.31
0.36997 7620.98
0.370571 7610.63
0.371171 7600.41
0.371772 7590.2
0.372372 7580.01
0.372973 7569.91
0.373574 7559.78
0.374174 7549.78
0.374775 7539.79
0.375375 7529.82
0.375976 7519.94
0.376577 7510.02
0.377177 7500.24
0.377778 7490.46
0.378378 7480.71
0.378979 7471.03
0.37958 7461.33
0.38018 7451.75
0.380781 7442.17
0.381381 7432.63
0.381982 7423.15
0.382583 7413.65
0.383183 7404.28
0.383784 7394.9
0.384384 7385.55
0.384985 7376.27
0.385586 7366.97
0.386186 7357.79
0.386787 7348.61
0.387387 7339.45
0.387988 7330.37
0.388589 7321.26
0.389189 7312.27
0.38979 7303.27
0.39039 7294.31
0.390991 7285.41
0.391592 7276.49
0.392192 7267.68
0.392793 7258.87
0.393393 7250.09
0.393994 7241.38
0.394595 7232.64
0.395195 7224.02
0.395796 7215.4
0.396396 7206.8
0.396997 7198.27
0.397598 7189.72
0.398198 7181.28
0.398799 7172.85
0.399399 7164.43
0.4 7156.09
0.400601 7147.72
0.401201 7139.48
0.401802 7131.24
0.402402 7123.01
0.403003 7114.87
0.403604 7106.68
0.404204 7098.64
0.404805 7090.61
0.405405 7082.58
0.406006 7074.65
0.406607 7066.66
0.407207 7058.86
0.407808 7051.06
0.408408 7043.24
0.409009 7035.57
0.40961 7027.8
0.41021 7020.27
0.410811 7012.75
0.411411 7005.18
0.412012 6997.82
0.412613 6990.3
0.413213 6983.13
0.413814 6975.96
0.414414 6968.7
0.415015 6961.75
0.415616 6954.54
0.416216 6947.86
0.416817 6941.17
0.417417 6934.32
0.418018 6927.95
0.418619 6921.16
0.419219 6915.17
0.41982 6909.19
0.42042 6902.91
0.421021 6897.39
0.421622 6891.2
0.422222 6886.27
0.422823 6881.33
0.423423 6875.91
0.424024 6871.7
0.424625 6866.4
0.425225 6863.11
0.425826 6859.81
0.426426 6855.71
0.427027 6853.57
0.427628 6849.65
0.428228 6848.97
0.428829 6848.3
0.429429 6846.28
0.43003 6847.46
0.430631 6845.73
0.431231 6849.3
0.431832 6852.87
0.432432 6854.21
0.433033 6860.82
0.433634 6862.61
0.434234 6873.13
0.434835 6883.65
0.435435 6890.47
0.436036 6906.01
0.436637 6913.55
0.437237 6935.54
0.437838 6957.53
0.438438 6973.38
0.439039 7003.68
0.43964 7020.7
0.44024 7061.72
0.440841 7102.74
0.441441 7133.55
0.442042 7188.41
0.442643 7221.15
0.443243 7293.9
0.443844 7366.66
0.444444 7422.4
0.445045 7518.31
0.445646 7577.25
0.446246 7703.14
0.446847 7829.02
0.447447 7926.57
0.448048 8091.3
0.448649 8194.35
0.449249 8409.48
0.44985 8624.6
0.45045 8792.86
0.451051 9073.37
0.451652 9251.55
0.452252 9616.94
0.452853 9982.32
0.453453 10271.8
0.454054 10747.3
0.454655 11056.2
0.455255 11674.5
0.455856 12292.8
0.456456 12793.7
0.457057 13596.5
0.457658 14138.8
0.458258 15179.5
0.458859 16220.3
0.459459 17094.7
0.46006 18439.9
0.460661 19404.2
0.461261 21136
0.461862 22867.9
0.462462 24399.1
0.463063 26616.3
0.463664 28335.9
0.464264 31153.5
0.464865 33971.1
0.465465 36620.5
0.466066 40166.8
0.466667 43180.3
0.467267 47590.4
0.467868 52000.5
0.468468 56426.8
0.469069 61831.3
0.46967 66875.7
0.47027 73385
0.470871 79894.3
0.471471 86833.5
0.472072 94518
0.472673 102331
0.473273 111200
0.473874 120070
0.474474 129982
0.475075 139969
0.475676 150836
0.476276 161786
0.476877 172736
0.477477 185316
0.478078 196993
0.478679 210256
0.479279 222357
0.47988 234459
0.48048 248389
0.481081 260578
0.481682 274585
0.482282 286524
0.482883 298464
0.483483 311792
0.484084 323179
0.484685 335900
0.485285 346494
0.485886 357088
0.486486 368058
0.487087 377695
0.487688 387612
0.488288 396206
0.488889 404800
0.489489 412536
0.49009 420072
0.490691 426696
0.491291 433215
0.491892 439735
0.492492 444364
0.493093 449946
0.493694 453706
0.494294 458451
0.494895 463197
0.495495 465476
0.496096 469491
0.496697 471247
0.497297 474637
0.497898 478027
0.498498 478836
0.499099 481694
0.4997 482263
0.5003 484674
0.500901 487084
0.501502 487100
0.502102 489132
0.502703 489082
0.503303 490797
0.503904 492511
0.504505 492157
0.505105 493603
0.505706 493276
0.506306 494497
0.506907 495718
0.507508 495234
0.508108 496265
0.508709 495849
0.509309 496720
0.50991 497590
0.510511 497102
0.511111 497838
0.511712 497429
0.512312 498050
0.512913 498671
0.513514 498235
0.514114 498760
0.514715 498400
0.515315 498844
0.515916 499287
0.516517 498923
0.517117 499298
0.517718 499000
0.518318 499316
0.518919 499632
0.51952 499341
0.52012 499608
0.520721 499371
0.521321 499597
0.521922 499822
0.522523 499596
0.523123 499786
0.523724 499602
0.524324 499763
0.524925 499924
0.525526 499751
0.526126 499887
0.526727 499747
0.527327 499861
0.527928 499976
0.528529 499846
0.529129 499943
0.52973 499838
0.53033 499919
0.530931 500001
0.531532 499904
0.532132 499973
0.532733 499896
0.533333 499954
0.533934 500012
0.534535 499940
0.535135 499989
0.535736 499932
0.536336 499973
0.536937 500015
0.537538 499963
0.538138 499997
0.538739 499956
0.539339 499985
0.53994 500014
0.540541 499976
0.541141 500001
0.541742 499971
0.542342 499992
0.542943 500013
0.543544 499985
0.544144 500003
0.544745 499981
0.545345 499996
0.545946 500010
0.546547 499991
0.547147 500003
0.547748 499987
0.548348 499998
0.548949 500008
0.54955 499994
0.55015 500003
0.550751 499991
0.551351 499999
0.551952 500006
0.552553 499996
0.553153 500002
0.553754 499994
0.554354 500000
0.554955 500005
0.555556 499997
0.556156 500002
0.556757 499996
0.557357 500000
0.557958 500004
0.558559 499998
0.559159 500002
0.55976 499997
0.56036 500000
0.560961 500003
0.561562 499999
0.562162 500001
0.562763 499998
0.563363 500000
0.563964 500002
0.564565 499999
0.565165 500001
0.565766 499999
0.566366 500000
0.566967 500001
0.567568 500000
0.568168 500001
0.568769 499999
0.569369 500000
0.56997 500001
0.570571 500000
0.571171 500000
0.571772 499999
0.572372 500000
0.572973 500001
0.573574 500000
0.574174 500000
0.574775 500000
0.575375 500000
0.575976 500001
0.576577 500000
0.577177 500000
0.577778 500000
0.578378 500000
0.578979 500000
0.57958 500000
0.58018 500000
0.580781 500000
0.581381 500000
0.581982 500000
0.582583 500000
0.583183 500000
0.583784 500000
0.584384 500000
0.584985 500000
0.585586 500000
0.586186 500000
0.586787 500000
0.587387 500000
0.587988 500000
0.588589 500000
0.589189 500000
0.58979 500000
0.59039 500000
0.590991 500000
0.591592 500000
0.592192 500000
0.592793 500000
0.593393 500000
0.593994 500000
0.594595 500000
0.595195 500000
0.595796 500000
0.596396 500000
0.596997 500000
0.597598 500000
0.598198 500000
0.598799 500000
0.599399 500000
0.6 500000
